Array size: 64
Thread block size: 4
Number of thread blocks: 4

Clocks per second: 1000000
Number of clock ticks: 4
CPU execution time in seconds: 0.000004

Matrix A:
4682   3173   -845 5006   -42 4582   5217   4033   
-75 -248 3026   5043   4182   287   3886   -740 
5481   3355   4347   4778   1735   763   3855   680   
47   928   1793   5082   1550   -698 -882 782   
4253   -640 3437   5030   2875   4984   3291   937   
3706   318   2466   4694   1355   -644 4043   4963   
3196   5500   3753   3027   1615   -716 1845   3757   
2421   1682   5516   1329   3295   331   3773   -3 

Matrix B:
160   157   155   233   205   60   193   13   
172   250   10   19   162   32   117   9   
206   88   76   5   225   6   86   174   
43   171   32   58   40   51   118   25   
233   109   170   6   110   211   24   180   
188   63   203   172   96   105   23   190   
180   225   235   11   105   33   84   239   
158   172   241   70   28   76   4   244   

CPU Output:
3.76397e+06   4.46158e+06   3.97437e+06   2.56486e+06   2.57991e+06   1.58361e+06   2.35164e+06   3.16148e+06   
2.39647e+06   2.27586e+06   1.88132e+06   350839   1.7019e+06   1.24745e+06   1.24225e+06   2.20488e+06   
3.904e+06   4.12036e+06   2.88602e+06   1.87133e+06   3.52422e+06   1.33108e+06   2.77374e+06   2.52181e+06   
949742   1.32722e+06   418455   266586   799454   586542   821707   574385   
3.842e+06   3.19931e+06   3.57469e+06   2.264e+06   2.90922e+06   1.82161e+06   2.0989e+06   3.25295e+06   
3.06403e+06   3.55146e+06   3.16104e+06   1.44337e+06   2.20456e+06   1.21562e+06   1.8956e+06   2.89626e+06   
3.52803e+06   3.91691e+06   2.40069e+06   1.21332e+06   2.91952e+06   1.15666e+06   2.13257e+06   2.33207e+06   
3.37874e+06   2.74168e+06   2.36709e+06   818708   2.85336e+06   1.15424e+06   1.69886e+06   2.59662e+06   

GPU Execution Time in seconds: 0.027648
GPU Output:
3.76397e+06   4.46158e+06   3.97437e+06   2.56486e+06   2.57991e+06   1.58361e+06   2.35164e+06   3.16148e+06   
2.39647e+06   2.27586e+06   1.88132e+06   350839   1.7019e+06   1.24745e+06   1.24225e+06   2.20488e+06   
3.904e+06   4.12036e+06   2.88602e+06   1.87133e+06   3.52422e+06   1.33108e+06   2.77374e+06   2.52181e+06   
949742   1.32722e+06   418455   266586   799454   586542   821707   574385   
3.842e+06   3.19931e+06   3.57469e+06   2.264e+06   2.90922e+06   1.82161e+06   2.0989e+06   3.25295e+06   
3.06403e+06   3.55146e+06   3.16104e+06   1.44337e+06   2.20456e+06   1.21562e+06   1.8956e+06   2.89626e+06   
3.52803e+06   3.91691e+06   2.40069e+06   1.21332e+06   2.91952e+06   1.15666e+06   2.13257e+06   2.33207e+06   
3.37874e+06   2.74168e+06   2.36709e+06   818708   2.85336e+06   1.15424e+06   1.69886e+06   2.59662e+06   

TEST PASSED
